方程 = ax^2 + bx + cy + dxy + e 
数据量	输入维度	train_rmse	test_rmse	test_平均误差率		模型参数
5	冠幅cw 面积CA 	2.647094753e-12	13.4493415894	0.482115998982		[array([  31.46058554, -171.04604405,   22.48680073,   -6.37425155]), 228.87142161817835]
10	冠幅cw 面积CA 	0.487871480598	1.44450969078	0.0624839060326		[array([  2.38922132, -14.41262706,   3.36586505,  -0.6303879 ]), 28.854441476544949]
15	冠幅cw 面积CA 	0.878847474448	1.27067447349	0.0615259139421		[array([-0.26685842,  3.26807605,  0.87691031, -0.08785453]), 3.7300921940725758]
20	冠幅cw 面积CA 	0.909147510141	1.15860359958	0.0579208500459		[array([-0.1224539 ,  2.53480069,  0.85386045, -0.1014463 ]), 4.9448949959385935]
25	冠幅cw 面积CA 	1.00469785934	1.08519793709	0.0536700432162		[array([-0.18408432,  2.11203418,  0.68736177, -0.05328885]), 7.1533746382982173]
30	冠幅cw 面积CA 	1.12472265173	1.04945143676	0.0512295395274		[array([-0.01083736,  0.37732968,  0.89628318, -0.08182003]), 10.288429974538598]
35	冠幅cw 面积CA 	1.11008630807	1.07512700796	0.0530332283662		[array([-0.05528992,  0.94270701,  0.8454351 , -0.07804859]), 9.2199386185449406]
40	冠幅cw 面积CA 	1.11457597692	1.04490100145	0.0496185360991		[array([ 0.119193  , -0.92258796,  0.91293012, -0.08200537]), 13.245153001654064]
45	冠幅cw 面积CA 	1.07607186427	1.04791594982	0.0494587234681		[array([ 0.03542967, -0.42293723,  0.79543967, -0.05971168]), 12.944518346506475]
52	冠幅cw 面积CA 	1.04371614582	1.04904613213	0.0495632602628		[array([ 0.0466919 , -0.56643019,  0.84128776, -0.06361674]), 12.95748343414218]
5	面积CA 冠幅cw 	1.097610303e-13	20.5361955947	0.703360451632		[array([ -1.27820491,  -2.84287614, -46.76924331,   6.34199715]), 107.72006504167408]
10	面积CA 冠幅cw 	0.492371423056	1.46196443189	0.0608443457701		[array([-0.05452781,  1.63750375, -3.80658084,  0.12216017]), 17.272993432655511]
15	面积CA 冠幅cw 	0.879478392953	1.2522355606	0.0606912353828		[array([  6.14669389e-04,   1.09432055e+00,   1.58476298e+00, -1.41750163e-01]), 6.0974267536121651]
20	面积CA 冠幅cw 	0.90590712703	1.21270212811	0.0603148576999		[array([ 0.01401506,  0.90557472,  3.10726274, -0.20649699]), 3.0453435646144911]
25	面积CA 冠幅cw 	0.995641348631	1.17674863448	0.0581157600768		[array([ 0.02175817,  0.77068618,  3.30601692, -0.22364784]), 3.3944710180966009]
30	面积CA 冠幅cw 	1.12428020336	1.04279275052	0.0504062720513		[array([-0.00481322,  0.92466194, -0.17508136, -0.05544924]), 11.441551724456282]
35	面积CA 冠幅cw 	1.11009179187	1.07180710349	0.0526963833587		[array([-0.00145276,  0.89702964,  0.43234581, -0.07962234]), 10.057821029468432]
40	面积CA 冠幅cw 	1.11427413675	1.04206994383	0.0492468960524		[array([-0.00515105,  0.83938206, -0.56962192, -0.03246895]), 13.006060006957668]
45	面积CA 冠幅cw 	1.07595391714	1.04643869936	0.0491701807397		[array([-0.0026104 ,  0.77664863, -0.42420214, -0.03851193]), 13.112795512467269]
52	面积CA 冠幅cw 	1.04342237863	1.04680653601	0.0490864848531		[array([-0.00412174,  0.81881421, -0.63111567, -0.03170792]), 13.314783101316491]
5	冠幅cw 树高CH 	2.574185619e-14	2.86285637759	0.109688254969		[array([ 2.86759322, -4.1698152 ,  7.35299777, -2.00661885]), -6.112532998600507]
10	冠幅cw 树高CH 	0.949469896834	1.99552882918	0.0948967580713		[array([ -2.76693941,  18.01491399,  -2.80310193,   0.85189088]), -14.050606950048358]
15	冠幅cw 树高CH 	1.09689992466	1.74651973759	0.0800528124858		[array([ -1.31262384,  13.37811759,   0.10135888,   0.05081242]), -16.259625952476387]
20	冠幅cw 树高CH 	0.983256740569	1.56643323265	0.0689112460767		[array([ -0.96575748,  11.65246026,   0.81916114,  -0.1192952 ]), -15.363340081627307]
25	冠幅cw 树高CH 	1.08337122993	1.51140578691	0.0659860817854		[array([ -0.90336104,  10.77164582,   0.74681807,  -0.09232108]), -13.222548505141027]
30	冠幅cw 树高CH 	1.24091300939	1.45262734199	0.065150899282		[array([-0.64612501,  7.87282394,  0.96160992, -0.09213294]), -7.6737357812242806]
35	冠幅cw 树高CH 	1.24256586794	1.30725042623	0.0552197992557		[array([-0.6479192 ,  7.5785437 ,  0.67806065, -0.0370717 ]), -6.1338004941723732]
40	冠幅cw 树高CH 	1.27825952441	1.2262675872	0.0563861960062		[array([-0.33343455,  5.43326871,  1.03615394, -0.12454565]), -2.7738297890613559]
45	冠幅cw 树高CH 	1.23404734907	1.18527950605	0.0501946144726		[array([-0.41848761,  6.38291648,  0.92924729, -0.12242272]), -4.4120971910844169]
52	冠幅cw 树高CH 	1.22940240783	1.17443435613	0.0496195375882		[array([-0.50556159,  7.01901686,  0.77646646, -0.09302534]), -5.3167367654672049]
5	树高CH 冠幅cw 	3.838739599e-14	5.14884868735	0.155802928263		[array([-0.47622545,  5.45186342, -0.09667287,  0.38300448]), -6.7264609085688605]
10	树高CH 冠幅cw 	0.818734953049	4.20140749063	0.135798859309		[array([  0.63240664,  -1.82702834,  20.36509393,  -2.02678677]), -24.569207871968327]
15	树高CH 冠幅cw 	0.801266592432	4.20066241268	0.144257620636		[array([  0.60743778,  -1.38096971,  20.55632503,  -2.03816743]), -26.676346008521005]
20	树高CH 冠幅cw 	0.856663463071	2.8881951467	0.107938105205		[array([  0.38023835,   0.23235136,  15.4315652 ,  -1.50291387]), -21.697544491514833]
25	树高CH 冠幅cw 	0.997199376401	2.72366927047	0.101797133371		[array([  0.35822139,   0.2270605 ,  14.65167971,  -1.4138769 ]), -20.02512613285673]
30	树高CH 冠幅cw 	1.09978980704	2.44981495496	0.0892662069277		[array([  0.32790059,   0.17102871,  13.15599155,  -1.27333221]), -16.307083133717487]
35	树高CH 冠幅cw 	1.15096243209	1.96938630933	0.0697288281859		[array([  2.84029552e-01,  -5.15438326e-03,   1.16884942e+01,-1.07800206e+00]), -12.642019145247399]
40	树高CH 冠幅cw 	1.26436122974	1.33208384689	0.0606102474873		[array([ 0.09044122,  1.15648516,  6.51665908, -0.55001745]), -5.6238334207683884]
45	树高CH 冠幅cw 	1.23662378108	1.22813050532	0.0552086867317		[array([ 0.07544579,  1.11537638,  6.11906452, -0.49212979]), -4.6352338204285033]
52	树高CH 冠幅cw 	1.23820689396	1.20316864173	0.0524307090741		[array([ 0.08003267,  1.06444338,  6.33985608, -0.50442313]), -5.0557199852630283]
5	面积CA 树高CH 	9.3995968735-15	3.37266445616	0.117887891269		[array([ 0.09466297,  1.50886856,  2.68105733, -0.34869588]), -0.32080368778063573]
10	面积CA 树高CH 	0.664721336579	2.27281592834	0.0920745743107		[array([ 0.03519046,  1.61946921,  1.50873143, -0.20353298]), 2.7164914487414968]
15	面积CA 树高CH 	0.916700485535	1.25636701325	0.0568009406107		[array([-0.03247544,  1.13395336, -0.03017428,  0.01239479]), 9.0538132744275863]
20	面积CA 树高CH 	0.873923511958	1.11439225594	0.0500893649473		[array([-0.02146871,  0.88082586,  0.28449864,  0.00093941]), 8.6625217475451102]
25	面积CA 树高CH 	0.985527784236	1.06119810103	0.0494240938024		[array([-0.00469911,  0.65442529,  0.58309355, -0.0227906 ]), 8.6239759074763569]
30	面积CA 树高CH 	1.08371777923	1.08781513449	0.0508292669073		[array([-0.01114365,  0.63311334,  0.47980652, -0.00509655]), 8.891836723930048]
35	面积CA 树高CH 	1.037651714	1.03853948801	0.0471739951664		[array([-0.01167806,  0.62431373,  0.42796863, -0.00139864]), 9.0653314281923958]
40	面积CA 树高CH 	1.0559504577	0.986213195362	0.0464448400272		[array([-0.0030195 ,  0.51463764,  0.58545563, -0.01564597]), 9.1070029366885628]
45	面积CA 树高CH 	1.01435932498	0.968814709397	0.044746686254		[array([-0.00255248,  0.56346822,  0.60222055, -0.02116012]), 8.8750933187835521]
52	面积CA 树高CH 	1.00756984211	0.952117426552	0.0421016402682		[array([-0.00524726,  0.60776067,  0.50345229, -0.01582244]), 9.0258080177087709]
5	树高CH 面积CA 	1.123466709e-14	4.07182694389	0.134220330988		[array([-0.37556999,  4.83272106,  0.39352836,  0.03681562]), -3.3727501949589538]
10	树高CH 面积CA 	0.634601805684	1.52985236169	0.0687589155593		[array([ 0.17650396, -1.20833075,  2.31311168, -0.19220127]), 8.7693574738624509]
15	树高CH 面积CA 	0.87316631576	1.97600719631	0.0804982561246		[array([ 0.32024734, -2.90043731,  2.21015303, -0.20209146]), 14.371849828120574]
20	树高CH 面积CA 	0.897585151277	1.17678859934	0.0578030453499		[array([ 0.07701387, -0.08364841,  0.9730186 , -0.0740851 ]), 9.468298080685841]
25	树高CH 面积CA 	0.983690329352	1.10862618883	0.054410203991		[array([ 0.05359255,  0.10034118,  0.81266293, -0.05548825]), 9.5607377418433224]
30	树高CH 面积CA 	1.03327243351	1.46892756172	0.060842182745		[array([ 0.17947825, -1.3356909 ,  1.24186067, -0.10636671]), 12.583744728615788]
35	树高CH 面积CA 	0.990510468068	1.25146558538	0.0528819583973		[array([ 0.1658554 , -1.32843464,  1.16455527, -0.09388502]), 13.025938005685953]
40	树高CH 面积CA 	1.04495406879	0.97825916576	0.0468719500977		[array([ 0.05320889,  0.01511857,  0.7482189 , -0.04864851]), 10.195168415948533]
45	树高CH 面积CA 	1.00806485242	0.947061266079	0.0445771985419		[array([ 0.03854254,  0.17263728,  0.71743169, -0.04431451]), 9.8456748479854141]
52	树高CH 面积CA 	1.00386359009	0.93033491235	0.042435626686		[array([ 0.04028221,  0.11980851,  0.73908016, -0.04462749]), 9.9164966366938856]

